24
14
13
30
14
20
22
24
18
16
24
12
25
25
21
26
21
21
14
20
25
22
26
11
19
23
19
23
14
20
14
19
15
12
20
14
18
14
26
11
21
18
26
20
17
21
23
15
17
27
18
19
21
16
22
17
14
24
24
16
26
22
22
25
21
20
15
20
17
22
28
21
17
25
29
23
18
17
21
19
15
24
17
12
16
14
26
29
23
15
25
17
24
25
20
18
14
14
26
17
18
14
11
28
18
16
14
16
19
22
25
16
16
17
25
27
24
19
23
17
16
19
26
32
18
22
19
18
21
18
24
21
12
11
24
22
25
14
19
27
15
18
22
24
23
13
16
23
21
25
16
23
19
22
25
18
20
10
17
18
20
20
24
21
21
17
15
16
12
25
21
24
26
14
22
21
22
22
22
21
25
15
21
21
20
17
18
13
20
23
19
21
23
16
16
18
22
23
23
20
15
19
22
17
12
19
15
21
24
27
30
21
22
19
10
17
16
16
17
19
22
17
18
17
23
16
17
15
21
20
20
18
24
20
18
24
18
22
21
20
18
21
20
30
19
26
16
19
19
23
30
11
11
18
18
21
19
21
22
20
21
19
17
24
21
15
19
22
17
16
18
20
23
17
24
20
15
19
19
19
23
25
18
14
21
22
28
17
26
17
21
14
14
17
19
20
27
28
28
19
22
20
19
17
26
19
27
18
18
16
19
15
18
17
25
33
24
26
26
18
19
19
24
22
16
22
18
7
26
22
19
18
26
23
9
16
14
21
17
13
20
21
24
24
14
29
19
13
14
17
31
21
15
20
24
24
20
16
12
19
19
17
25
24
18
20
24
21
26
19
16
18
20
27
20
17
26
21
18
16
19
21
22
17
14
15
15
17
17
15
18
14
21
24
23
23
24
22
23
21
14
14
22
20
23
19
19
19
19
24
27
22
14
17
16
16
16
23
22
13
22
8
23
24
19
22
15
30
22
8
14
18
20
21
22
16
17
24
18
22
23
22
24
26
25
17
17
29
16
21
18
16
27
27
26
20
21
12
16
23
14
20
16
20
16
30
18
27
17
29
22
20
22
15
21
25
22
19
20
22
18
17
21
22
21
23
25
22
17
13
22
20
26
18
23
17
18
27
21
24
18
24
17
20
15
23
11
26
16
22
22
18
23
22
23
17
24
24
16
20
14
24
15
24
23
21
24
25
20
26
12
19
20
12
21
14
21
21
19
17
23
22
17
21
16
15
16
20
19
19
27
22
24
20
18
20
27
12
17
25
22
11
21
20
30
21
16
18
18
18
25
24
15
13
14
26
20
13
22
17
25
20
21
24
10
17
16
18
20
14
23
25
20
26
14
14
21
20
21
17
23
22
18
23
19
28
24
21
21
20
18
23
12
13
29
11
17
14
22
23
14
17
23
22
18
20
19
21
12
12
23
23
15
17
26
23
24
25
16
18
21
18
22
12
28
21
14
14
22
12
17
15
24
22
27
20
25
10
27
20
21
11
21
21
17
34
27
19
20
20
21
23
15
18
14
26
18
15
16
20
19
16
11
23
15
18
24
16
11
29
21
24
16
27
17
17
22
14
24
13
17
26
26
22
19
27
19
23
22
20
23
21
26
22
17
26
24
18
24
19
17
22
16
21
26
26
24
18
17
19
19
17
21
25
25
26
14
20
23
20
17
21
19
16
19
17
16
19
17
12
21
24
20
31
22
17
13
17
18
20
20
20
19
14
29
22
25
18
17
23
17
21
23
20
24
22
15
21
19
16
10
16
20
16
22
13
24
25
19
17
28
26
18
19
20
17
23
18
30
22
22
21
19
9
12
19
19
20
19
22
22
24
23
23
18
16
18
11
13
19
19
24
18
19
16
19
19
13
25
19
20
22
29
17
19
20
15
20
33
12
25
21
25
10
17
13
23
23
21
30
15
15
26
26
18
25
20
24
15
21
15
15
19
18
22
25
32
15
17
18
18
28
28
17
18
14
18
21
22
21
18
23
12
23
16
19
17
16
23
15
20
18
17
21
13
13
24
23
20
20
26
28
17
17
18
23
23
20
18
17
23
21
22
12
18
18
18
15
16
30
20
20
15
17
19
19
17
22
12
15
15
19
21
15
15
15
19
25
16
23
22
18
19
14
17
25
22
17
14
25
23
27
25
18
20
18
14
23
23
11
28
23
21
17
16
23
18
23
19
19
22
19
22
26
15
24
21
19
22
14
15
20
17
20
21
12
24
19
14
21
20
17
23
16
14
20
21
23
20
17